船长:450,200;1140,720
兽王:450,200;1220,720
半人马酋长:450,200;1300,720
小牛:450,200;1380,720
全能:450,200;1140,780
熊猫酒仙:450,200;1220,780
斯温:450,200;1300,780
小小:450,200;1380,780
大牛:450,200;1140,840
树人:450,200;1220,840
精灵:450,200;1300,840
炼金:450,200;1380,840
发条地精:600,200;1140,720
龙骑:600,200;1220,720
哈斯卡:600,200;1300,720
刚背:600,200;1380,720
凤凰:600,200;1140,780
海民:600,200;1220,780
军团:600,200;1300,780
地精撕裂者:600,200;1380,780
敌法:450,370;1140,720
火枪:450,370;1220,720
剑圣:450,370;1300,720
熊德:450,370;1380,720
月骑:450,370;1140,780
水人:450,370;1220,780
娜迦海妖:450,370;1300,780
猴子:450,370;1380,780
虎妞:450,370;1140,840
隐刺:450,370;1220,840
巨魔:450,370;1300,840
直升机:450,370;1380,840
小黑:600,370;1140,720
圣堂:600,370;1220,720
熊拍:600,370;1300,720
复仇之魂:600,370;1380,720
赏金:600,370;1140,780
火猫:600,370;1220,780
冰女:450,540;1140,720
小鹿:450,540;1220,720
仙女龙:450,540;1300,720
陈:450,540;1380,720
光法:450,540;1140,780
宙斯:450,540;1220,780
法里奥:450,540;1300,780
诺崇:450,540;1380,780
火女:450,540;1140,840
蓝猫:450,540;1220,840
风行:450,540;1300,840
萨尔:450,540;1380,840
蓝胖:600,540;1140,720
地精工程师:600,540;1220,720
双头龙:600,540;1300,720
地精修补匠:600,540;1380,720
罗斯塔:600,540;1140,780
大魔导:600,540;1220,780
龙鹰:600,540;1300,780
斧王:840,200;1140,720
混沌骑士:840,200;1220,720
路西法:840,200;1300,720
小狗:840,200;1380,720
死骑:840,200;1140,780
狼人:840,200;1220,780
夜魔:840,200;1300,780
地狱领主:840,200;1380,780
胖子:840,200;1140,840
骷髅王:840,200;1220,840
斯拉达:840,200;1300,840
尸王:840,200;1380,840
潮汐:990,200;1140,720
猛犸:990,200;1220,720
白牛:990,200;1300,720
沙王:990,200;1380,720
血魔:840,370;1140,720
骨弓:840,370;1220,720
蜘蛛:840,370;1300,720
地刺:840,370;1380,720
蚂蚁:840,370;1140,780
幻刺:840,370;1220,780
影魔:840,370;1300,780
恐怖利刃:840,370;1380,780
幽鬼:840,370;1140,840
剧毒:840,370;1220,840
蝮蛇:840,370;1300,840
地卜:840,370;1380,840
电魂:990,370;1140,720
小鱼:990,370;1220,720
虚空:990,370;1300,720
美杜莎:990,370;1380,720
弧光:990,370;1140,780
睡魔:840,540;1140,720
兔子:840,540;1220,720
女妖:840,540;1300,720
莱恩:840,540;1380,720
谜团:840,540;1140,780
巫妖:840,540;1220,780
死灵法:840,540;1300,780
骨法:840,540;1380,780
黑曜:840,540;1140,840
女王:840,540;1220,840
术士:840,540;1300,840
毒狗:840,540;1380,840
蝙蝠:990,540;1140,720
暗牧:990,540;1220,720
卡尔:990,540;1300,720
死灵龙:990,540;1380,720
受折磨的灵魂:990,540;1140,780
巫医:990,540;1220,780
冰人:990,540;1300,780
冰龙:990,540;1380,780
